1 1
2 2
3 4
4 7
5 12
6 18
7 28
8 40
9 57
10 80
11 110
12 148
13 200
14 266
15 348
16 457
17 592
18 764
19 978
20 1248
21 1580
22 2000
23 2508
24 3142
25 3913
26 4868
27 6016
28 7430
29 9128
30 11200
31 13682
32 16692
33 20282
34 24616
35 29762
36 35945
37 43272
38 52026
39 62366
40 74668
41 89164
42 106340
43 126520
44 150344
45 178262
46 211112
47 249506
48 294536
49 347047
50 408446
51 479882
52 563172
53 659860
54 772302
55 902548
56 1053638
57 1228304
58 1430436
59 1663638
60 1932922
61 2243008
62 2600308
63 3010992
64 3483253
65 4025112
66 4647032
67 5359376
68 6175464
69 7108686
70 8175928
71 9394408
72 10785554
73 12371376
74 14178996
75 16236522
76 18578176
77 21239722
78 24264320
79 27697298
80 31592942
81 36008649
82 41012506
83 46676936
84 53087308
85 60334710
86 68525920
87 77775342
88 88216210
89 99991848
90 113268334
91 128224714
92 145067608
93 164020350
94 185339436
95 209302834
96 236228596
97 266461858
98 300396266
99 338459744
100 381138575
101 428962250
102 482530750
103 542497898
104 609602722
105 684651410
106 768552668
107 862298776
108 967005676
109 1083892478
110 1214327484
111 1359806402
112 1522004302
113 1702753254
114 1904101322
115 2128288898
116 2377816490
117 2655420146
118 2964148282
119 3307337326
120 3688699104
121 4112296099
122 4582641820
123 5104676478
124 5683880994
125 6326254700
126 7038445372
127 7827728588
128 8702157192
129 9670543736
130 10742630792
131 11929079006
132 13241661766
133 14693259020
134 16298081386
135 18071672144
136 20031163352
137 22195290030
138 24584683654
139 27221899788
140 30131756258
141 33341378412
142 36880586636
143 40781965510
144 45081308875
145 49817716014
146 55034105194
147 60777343950
148 67098838988
149 74054710398
150 81706470614
151 90121249162
152 99372576834
153 109540672642
154 120713346552
155 132986364190
156 146464487506
157 161261929536
158 177503557600
159 195325457106
160 214876318920
161 236318136850
162 259827809264
163 285597991858
164 313838950584
165 344779600502
166 378669645154
167 415780840202
168 456409465486
169 500877850227
170 549537234252
171 602769604090
172 660990999220
173 724653719788
174 794250149492
175 870315395654
176 953431714570
177 1044231662386
178 1143403211306
179 1251693506238
180 1369914781854
181 1498948823560
182 1639753816638
183 1793369635050
184 1960925760852
185 2143647548670
186 2342865384738
187 2560022084532
188 2796683491136
189 3054547199242
190 3335454808178
191 3641402201302
192 3974553712712
193 4337254210936
194 4732045483686
195 5161680425938
196 5629141975173
197 6137659757058
198 6690731967384
199 7292144864248
200 7945998058764
201 8656727317290
202 9429133772162
203 10268410575942
204 11180176634978
205 12170507718516
206 13245975416076
207 14413683412974
208 15681312452264
209 17057162604746
210 18550205150694
211 20170131771532
212 21927414410512
213 23833362472552
214 25900191851786
215 28141091398570
216 30570302496946
217 33203196215824
218 36056365033338
219 39147712322286
220 42496558018722
221 46123742347694
222 50051747520214
223 54304817851228
224 58909099883488
225 63892781392305
226 69286252645034
227 75122267165138
228 81436127254712
229 88265869768508
230 95652479491832
231 103640103677416
232 112276297341886
233 121612270876656
234 131703171940538
235 142608371029834
236 154391785327018
237 167122207851738
238 180873679337626
239 195725867407168
240 211764493445446
241 229081769106074
242 247776886154512
243 267956518689770
244 289735384992884
245 313236825055886
246 338593444783100
247 365947779708048
248 395453033363336
249 427273839641246
250 461587108729354
251 498582902337116
252 538465402505140
253 581453915832220
254 627783982613326
255 677708528497352
256 731499133741555
257 789447353310712
258 851866168818704
259 919091500897346
260 991483869521680
261 1069430125817212
262 1153345349894332
263 1243674833019228
264 1340896246120324
265 1445521907380740
266 1558101259124326
267 1679223460733624
268 1809520216632714
269 1949668739889248
270 2100394979862218
271 2262477007877210
272 2436748699688656
273 2624103601632422
274 2825499130346896
275 3041960985702344
276 3274587938674330
277 3524556866114536
278 3793128207183164
279 4081651705150144
280 4391572623365016
281 4724438290675420
282 5081905180091388
283 5465746367095068
284 5877859587859104
285 6320275734297986
286 6795168023973538
287 7304861672142102
288 7851844322978826
289 8438777057174187
290 9068506253801764
291 9744076112944164
292 10468742139507338
293 11245985383901208
294 12079527764191018
295 12973348254158172
296 13931700288391654
297 14959130157021160
298 16060496769886076
299 17240992550930046
300 18506165873447186
301 19861944784806998
302 21314662465097674
303 22871084155644204
304 24538436038458920
305 26324435790115404
306 28237325330559998
307 30285905477714386
308 32479573071659314
309 34828360266294586
310 37342976599200720
311 40034853525153888
312 42916192074705766
313 46000013310974672
314 49300212301660976
315 52831615267132640
316 56610040681992000
317 60652363979685926
318 64976586702933300
319 69601909738881656
320 74548811553496140
321 79839131053999978
322 85496156071909384
323 91544717087156052
324 98011287270475735
325 104924088457657276
326 112313204225748574
327 120210699679333084
328 128650749218229092
329 137669771892147696
330 147306575723700662
331 157602510605333228
332 168601631272450232
333 180350869961099240
334 192900220384405516
335 206302932643470646
336 220615720850585524
337 235898983092227942
338 252217035667592704
339 269638361246603036
340 288235873055747652
341 308087194759152056
342 329274958331522076
343 351887119620845502
344 376017294104585952
345 401765112575366310
346 429236599486572594
347 458544573742434298
348 489809074910764800
349 523157814702288248
350 558726656967404292
351 596660126125516144
352 637111947576658156
353 680245620097154854
354 726235024096220002
355 775265065838058442
356 827532361866684718
357 883245963858716866
358 942628128536797556
359 1005915133012000038
360 1073358140621382218
361 1145224117796075115
362 1221796807503768198
363 1303377759994413912
364 1390287426917892068
365 1482866319768163364
366 1581476239298822630
367 1686501577125056852
368 1798350696792176688
369 1917457395824676084
370 2044282456734690716
371 2179315288848799560
372 2323075669699925688
373 2476115588238250168
374 2639021199454946992
375 2812414893122968100
376 2996957487181162154
377 3193350548981513578
378 3402338855951627034
379 3624712999478945898
380 3861312144700931612
381 4113026950673267606
382 4380802664847530258
383 4665642397087784670
384 4968610588530836344
385 5290836681377527394
386 5633519006435885580
387 5997928895472904382
388 6385415036867065646
389 6797408082716320548
390 7235425527735208830
391 7701076869334858368
392 8196069071253189570
393 8722212341524568224
394 9281426249399247026
395 9875746193576383306
396 10507330248833950308
397 11178466405190808974
398 11891580229415749190
399 12649242965008588642
400 13454180103482083837
401 14309280445307884640
402 15217605686679758530
403 16182400552968931158
404 17207103518697310114
405 18295358137718235194
406 19451025027484043450
407 20678194534247894478
408 21981200127551853972
409 23364632554384635558
410 24833354806302380756
411 26392517933850871400
412 28047577767037694682
413 29804312580619897932
414 31668841768976375528
415 33647645574278471084
416 35747585939379751996
417 37975928534663329110
418 40340366037611867310
419 42849042720511272638
420 45510580433160050494
421 48334106042882727920
422 51329280427675429688
423 54506329092460843472
424 57876074514169596292
425 61449970294190102192
426 65240137234820464370
427 69259401427807151864
428 73521334483663054612
429 78040296000474519322
430 82831478414204716748
431 87910954341036233066
432 93295726568458535962
433 99003780818810301428
434 105054141458216481202
435 111466930289272573304
436 118263428618339237284
437 125466142752086158426
438 133098873133932594726
439 141186787293124271018
440 149756496838941772450
441 158836138692886804471
442 168455460815458999554
443 178645912642707291332
444 189440740515786943628
445 200875088343505695204
446 212986103810478237158
447 225813050398392206704
448 239397425565440411894
449 253783085381962835998
450 269016376003145847662
451 285146272310694808454
452 302224524143834627350
453 320305810489107431166
454 339447902092916081926
455 359711832907916535188
456 381162080885303862052
457 403866758570229377256
458 427897814065466138260
459 453331242871662691122
460 480247311227850384150
461 508730791517148399948
462 538871210425909988926
463 570763110483923972572
464 604506325745153273200
465 640206272305986581080
466 677974254499050865094
467 717927787536325753224
468 760190937526241196936
469 804894679723422950316
470 852177276031304826826
471 902184672710192199724
472 955070919416328231178
473 1010998610628409259112
474 1070139350703214524242
475 1132674243731611199344
476 1198794409564603705840
477 1268701527307574057160
478 1342608407793463614460
479 1420739596473256476008
480 1503332008389986251158
481 1590635596829516464356
482 1682914057485647298906
483 1780445569903856176580
484 1883523578229995396101
485 1992457613217146822020
486 2107574157724910693014
487 2229217557872852968494
488 2357750982311471605284
489 2493557432002545839326
490 2637040803224540466434
491 2788627006448895633876
492 2948765144080727906252
493 3117928749989955612342
494 3296617094132344877512
495 3485356555495521962362
496 3684702067006319782922
497 3895238635975316128010
498 4117582944085769803118
499 4352385030878574923248
500 4600330065148647990042
501 4862140208618574655748
502 5138576576754196578558
503 5430441301544490626438
504 5738579701604801324066
505 6063882564928826265480
506 6407288550192404140016
507 6769786712488699688676
508 7152419159996309307336
509 7556283848070343074218
510 7982537517916328236584
511 8432398787009280196960
512 8907151399141881894746
513 9408147642004351684116
514 9936811940976252639546
515 10494644637847757587948
516 11083225964026227872254
517 11704220217842603322076
518 12359380156476169615992
519 13050551613099305576226
520 13779678350819084771280
521 14548807165103466754690
522 15360093247432188665094
523 16215805823054948248290
524 17118334076875433472294
525 18070193381658011830390
526 19074031843980480043072
527 20132637183575000213168
528 21248943963024150041442
529 22426041185043390223157
530 23667180276012600832812
531 24975783474735043607298
532 26355452646949049224604
533 27809978546491134670020
534 29343350545681566464942
535 30959766857941522137914
536 32663645277459402987598
537 34459634461234421441194
538 36352625780781722870064
539 38347765771374908968214
540 40450469208818302532418
541 42666432844423417141194
542 45001649831154712330982
543 47462424874692740276706
544 50055390145642558292828
545 52787521990010765936304
546 55666158477759698771358
547 58699017830267972749680
548 61894217770434950203746
549 65260295840326468121794
550 68806230734410101886308
551 72541464697742570257500
552 76475927041886354475092
553 80620058832818489174240
554 84984838808795441745196
555 89581810587814036018254
556 94423111228320796080670
557 99521501208708865514750
558 104890395895492627254802
559 110543898572170275431906
560 116496835105503736099994
561 122764790328323550636984
562 129364146223085886760904
563 136312121993072472344346
564 143626816113679192407128
565 151327250459218110887270
566 159433416606686261043194
567 167966324421281760004632
568 176948053034991635962498
569 186401804333287308375158
570 196351959072067942624760
571 206824135751127421984890
572 217845252378134785912062
573 229443591261720817316978
574 241648866980641128474242
575 254492297681103933124596
576 268006679863450307194925
577 282226466825059825493114
578 297187850936239780395224
579 312928849932165634896116
580 329489397414680775168468
581 346911437764760192190492
582 365239025678113647839766
583 384518430544156259052550
584 404798245901258191160342
585 426129504209768414320246
586 448565797198093662069258
587 472163402046610261891840
588 496981413689172522827698
589 523081883522481284531416
590 550529964829868346413276
591 579394065237654245949940
592 609746006539950732063556
593 641661192240590773221612
594 675218783180130339121854
595 710501881630005405116366
596 747597724256873705418854
597 786597884375766502314084
598 827598483933455665956046
599 870700415680634696539998
600 916009576016288617107220
601 963637109006572725847476
602 1013699662107469722963736
603 1066319654141359732557968
604 1121625556106953076698834
605 1179752185425004664927722
606 1240841014254119428614696
607 1305040492536232224114326
608 1372506386466039653760942
609 1443402133106459514758952
610 1517899211909939418211434
611 1596177533935998372013530
612 1678425849596452822121572
613 1764842175793366529108348
614 1855634243359447443699586
615 1951019965747513593851000
616 2051227929964269980906572
617 2156497910784160008949576
618 2267081409331959237813316
619 2383242217167263493820288
620 2505257007061591012881806
621 2633415951707635939841114
622 2768023371662853917117754
623 2909398413883116230283348
624 3057875762270336550126730
625 3213806381716709378256737
626 3377558297202379219033454
627 3549517409567754733315970
628 3730088349662405365553066
629 3919695372643057929338986
630 4118783294281054457058934
631 4327818471216969112724846
632 4547289827195674660162264
633 4777709927399864765471960
634 5019616103104063216165066
635 5273571628963925302438146
636 5540166955368836220790230
637 5820020998387383686606022
638 6113782489958464463724940
639 6422131391091960554497474
640 6745780370976964819370022
641 7085476355017193417415746
642 7442002144959082903016786
643 7816178114411164973337866
644 8208863983212027400914208
645 8620960674249742924153888
646 9053412256508347562088588
647 9507207978276134535653888
648 9983384394638440744781068
649 10483027593551632639367396
650 11007275524999454302614178
651 11557320437923118007447152
652 12134411429838968612687076
653 12739857114265419634285856
654 13375028411322880345107292
655 14041361467097498929907750
656 14740360707622851095324268
657 15473602033581778070264562
658 16242736162117025777014106
659 17049492122410262604789898
660 17895680912000665635347370
661 18783199321110089175283032
662 19714033932580802866519180
663 20690265305354735040113344
664 21714072349791877313166582
665 22787736903478000588905870
666 23913648516572891035258958
667 25094309456134987191004106
668 26332339939294510965960760
669 27630483605566897886412316
670 28991613239072754010758828
671 30418736751888430966483972
672 31915003440267262608461522
673 33483710525970903961894340
674 35128309995511300527242996
675 36852415750648420883990260
676 38659811084099022846398663
677 40554456495005529771801566
678 42540497859377530213756042
679 44622274971365761132591556
680 46804330471949784749908588
681 49091419182326170248492998
682 51488517860068263066526776
683 54000835396897600707107728
684 56633823477759662727250822
685 59393187721734555743210638
686 62284899326240120494040782
687 65315207236897837866809312
688 68490650866439457439546830
689 71818073387026698151449386
690 75304635621451525201530350
691 78957830559767591513246660
692 82785498529093733721786826
693 86795843045509886345185578
694 90997447378259406127298896
695 95399291857756055432278534
696 100010771960299721492124310
697 104841717203803098919317056
698 109902410890359216563438140
699 115203610733001620982437996
700 120756570405668949222057300
701 126573062057042065681971018
702 132665399830725448239961372
703 139046464436047104742304636
704 145729728815710682439939636
705 152729284958494813947064700
706 160059871907323313148247144
707 167736905015163704749645192
708 175776506503523768350260354
709 184195537380637002611905688
710 193011630778939395754099860
711 202243226773964589775159334
712 211909608749512262646878386
713 222030941376690216293700576
714 232628310277393048880367594
715 243723763445765877309920276
716 255340354504418563565481036
717 267502187875401968260162566
718 280234465949450954213520500
719 293563538340527705639147008
720 307516953316491763188813156
721 322123511500558955271069520
722 337413321942329260244878228
723 353417860661332543719763130
724 370170031770511493761251744
725 387704231291591505968378756
726 406056413779139972395302618
727 425264161875040144373180982
728 445366758920372049703154786
729 466405264757041287201750283
730 488422594857213413419851026
731 511463602924421731730003046
732 535575167116420647840751742
733 560806280046167744228547766
734 587208142724050571687125336
735 614834262611328437908032842
736 643740555962065245165187134
737 673985454638272935144278186
738 705630017590911914266431292
739 738738047207477311514916148
740 773376210735499882441302738
741 809614167000065701303468110
742 847524698642788303837856954
743 887183850119193467498029722
744 928671071701596967268276544
745 972069369744896543568652588
746 1017465463483676215227205506
747 1064949948640244745049415256
748 1114617468135135271610789264
749 1166566890203773627072479746
750 1220901494235933832383543602
751 1277729164667816764721114750
752 1337162593270588558622787790
753 1399319490193556573788645570
754 1464322804135341641148810452
755 1532300952031964254366914742
756 1603388058667221725137501878
757 1677724206627611597418598744
758 1755455697041900650318485312
759 1836735321563746398976269862
760 1921722646075121628967746144
761 2010584306608148387759797838
762 2103494318003915380419177766
763 2200634395848385667847339502
764 2302194292248227453157454714
765 2408372146032750044439033972
766 2519374847992756774222458296
767 2635418421792442986356087100
768 2756728421217157994733196752
769 2883540344447296253101018328
770 3016100066077504981476623436
771 3154664287630148097779198040
772 3299501007343303471613207782
773 3450890010045820012281291222
774 3609123377965912328985889288
775 3774506023354723219657644754
776 3947356243843064572815899992
777 4128006301487425687737459264
778 4316803026501179929462720982
779 4514108446707965931699284006
780 4720300443797374364329555908
781 4935773437507543963803443336
782 5160939098906009867187841716
783 5396227093988328960349512738
784 5642085858864624432934404125
785 5898983407856386776548900580
786 6167408175880681386045528998
787 6447869896555450320543269594
788 6740900517518947040854228212
789 7047055154517578216327574196
790 7366913085880686808726169192
791 7701078789067127988686827570
792 8050183021038058740842862042
793 8414883944282176561468115736
794 8795868300394953655827519696
795 9193852633191173305654948364
796 9609584563411595030125119480
797 10043844117168765698657738482
798 10497445110365227378968775628
799 10971236591408516954139968096
800 11466104344642845008913823940
801 11982972457016004853631439068
802 12522804950603402666161018970
803 13086607483717892901810571072
804 13675429123445926756910188758
805 14290364192566103973414207202
806 14932554193927212102427608984
807 15603189815487921401898000882
808 16303513019351209025044947126
809 17034819218261940843143515128
810 17798459543177656923939835904
811 18595843205669062391702537434
812 19428439959059919555725536518
813 20297782662374490431095987724
814 21205469951326382442447188302
815 22153169020754068710782284124
816 23142618523087574640122785338
817 24175631587616251251324327410
818 25254098965521379756123489398
819 26379992305837918391957740048
820 27555367567719303573152431352
821 28782368574596138838211713896
822 30063230716046249269188185440
823 31400284803428168882754406124
824 32795961085575182197993643492
825 34252793431100716835188534030
826 35773423684130821542069499950
827 37360606200553754983045976238
828 39017212572163122720622875330
829 40746236546367556266916640448
830 42550799149449530899966719998
831 44434154021676521264358822622
832 46399692972902338687986302230
833 48450951767643062989395565838
834 50591616148973665626202092842
835 52825528110966028194357515374
836 55156692429779937608474342960
837 57589283463923519444702743958
838 60127652234621964744172952156
839 62776333797670968904279771498
840 65540054918607717112701597168
841 68423742063505096557544568903
842 71432529718187955375294626826
843 74571769049181159497722789136
844 77847036920231975613697346534
845 81264145278801347504258600642
846 84829150927494188674361584186
847 88548365695995219884621157190
848 92428367029698601188392387454
849 96476009011863893779050841996
850 100698433836802424355096959338
851 105103083752294078020769125970
852 109697713490159835278789637634
853 114490403204667072474228045608
854 119489571939227929031078518202
855 124703991642662899976932183412
856 130142801757147663087219914526
857 135815524400837899751705733060
858 141732080169080214185396686176
859 147902804579064011914663502638
860 154338465183755349180337086542
861 161050279381976036557511770402
862 168049932952555958465712668894
863 175349599341590293351347719172
864 182961959732982691298517516166
865 190900223933647036429767843216
866 199178152105981130341373318830
867 207810077381511942038968595146
868 216810929390951272735878747178
869 226196258747289155702808947066
870 235982262519997718341635917662
871 246185810739916865554151592100
872 256824473975953059740145380542
873 267916552026339879339062038626
874 279481103768892408958662821992
875 291537978216432974124469545694
876 304107846825382194340980311834
877 317212237107392834863694091990
878 330873567595863863868590440670
879 345115184221204437266183087676
880 359961398150832099112116725660
881 375437525152082199285628859438
882 391569926538486767161899162304
883 408386051762246671025660357640
884 425914482718181756472365468878
885 444184979826995561702455206764
886 463228529968345645640146018510
887 483077396336963249054630356720
888 503765170297929037530920969332
889 525326825320180712309009990186
890 547798773070416059150069122666
891 571218921752757159790135303836
892 595626736782871430326645062656
893 621063303888698467627841025654
894 647571394733522508897125933342
895 675195535160854211002115834608
896 703982076164457321578904236804
897 733979267690871203447509381662
898 765237335385954773652522386394
899 797808560401306791638509035796
900 831747362380918109568228730833
901 867110385753079062174458510950
902 903956589457417050428046003442
903 942347340241971176744101595990
904 982346509670440892865724181592
905 1024020574985169690292968824612
906 1067438723977062272648790318902
907 1112672964019480136142798128014
908 1159798235429236484558095834594
909 1208892529324112748379977669504
910 1260037010152867223260759507598
911 1313316143080497437553584693568
912 1368817826418574551100688150006
913 1426633529297786468245243251498
914 1486858434787430426085951235126
915 1549591588674481857869632569790
916 1614936054123059675031584805344
917 1682999072443605228674464094932
918 1753892230209919860787676715126
919 1827731632971360846972810133498
920 1904638085817005923823176495600
921 1984737281058459474683248823844
922 2068159993308218664863525823680
923 2155042282241142682794806773060
924 2245525703337604290153221395526
925 2339757526918347791466865475050
926 2437890965792964622759473996802
927 2540085411856225128419680853786
928 2646506681979307962552800371600
929 2757327273556245489217012839138
930 2872726630079691793798716656050
931 2992891417134418564073156975600
932 3118015809211792517684042924942
933 3248301787763885952489641786506
934 3383959450931861006808422199316
935 3525207335399848720260385206466
936 3672272750842760017337713435040
937 3825392127454318427887702161708
938 3984811377060140299936827523184
939 4150786268339909418971432094306
940 4323582816702648624661825044882
941 4503477689379784106855964579686
942 4690758626322180748872829103108
943 4885724877509603091134590185790
944 5088687657304181453558911720860
945 5299970616503441540534266878606
946 5519910332773346950806199578810
947 5748856820167613739815639956782
948 5987174058466346482337559429452
949 6235240543094823853958254106496
950 6493449856412094211881945719000
951 6762211261188937224020576255722
952 7041950317125775795232954821076
953 7333109521293294255912688612378
954 7636148973411907686589255624058
955 7951547066920846069691350070834
956 8279801206823543775631420731824
957 8621428555333274429072289854650
958 8976966806381626246431279814600
959 9346974990092490408483258902216
960 9732034308365822709388530412798
961 10132749002758555928798332839123
962 10549747255894780195972304487402
963 10983682127683693000905792107158
964 11435232527671948198511135467494
965 11905104224906929157706016619584
966 12394030896739239883684209297772
967 12902775218046377419940259821592
968 13432129992415230273993386148592
969 13982919326878772338871719557812
970 14555999851862207772415353010850
971 15152261988055904581407630194352
972 15772631261996858462497466072820
973 16418069672207192836117057510672
974 17089577107807458921483053429496
975 17788192821594294575911429510152
976 18514996959646473632637555640822
977 19271112149600576807537972068504
978 20057705149817590837649454683484
979 20875988561744747713352125759466
980 21727222607863009931185305689738
981 22612716977699849574733335530808
982 23533832744479527923603129980028
983 24491984355079023215668974906102
984 25488641696057256928492119255364
985 26525332238628405102393485644012
986 27603643265557041862158875439096
987 28725224183063726134240536804448
988 29891788920944612682306147784022
989 31105118424227831439941598717796
990 32367063239812950593722449250030
991 33679546201667913757209826430952
992 35044565218290649415271932154032
993 36464196166280195435705424692226
994 37940595894004906929321342311972
995 39476005339503235684193984464868
996 41072752766905943401535187188030
997 42733257125827563169113815589456
998 44460031538339730153651483811106
999 46255686918309798929760889264492
1000 48122935728065244947384299455966
